V 54
K 1
D 0 -1016000 0 0
Y 1
U 1651000 762000 254000 0 2 3 REFDES=J?
U 1651000 508000 254000 0 2 3 DEVICE=4DB-P108-05
U 1651000 254000 254000 0 2 0 PKG_TYPE=4DBP10805
U 1651000 0 254000 0 2 0 Description=5 Position Barrier Strip, Dual Barrier, Printed Circuit Pin Bottom Termination, Wire-to-Board, 8.26 mm [.325 in] Centerline, Buchanan 4DB Series
U 1651000 -254000 254000 0 2 0 Datasheet Link=https://www.te.com/en/product-2-1437667-8.html
U 1651000 -508000 254000 0 2 0 Height=13.462
U 1651000 -762000 254000 0 2 0 Mouser Part Number=571-214376678
U 1651000 -1016000 254000 0 2 0 Mouser Price/Stock=https://www.mouser.co.uk/ProductDetail/TE-Connectivity/4DB-P108-05?qs=Z6EyuLNezPm0fdvMDgwfQw%3D%3D
U 1651000 -1270000 254000 0 2 0 Manufacturer_Name=TE Connectivity
U 1651000 -1524000 254000 0 2 0 Manufacturer_Part_Number=4DB-P108-05
U 0 0 254000 0 1 0 FORWARD_PCB=1
l 5 508000 254000 1524000 254000 1524000 -1270000 508000 -1270000 508000 254000
|GRPHSTL -1 -1 -1 1
P 1 0 0 508000 0 0 2 0
L 584200 0 228600 0 2 0 1 0 1
A 355600 50800 203200 0 9 3 #=1
A 0 0 9 0 3 0 PINTYPE=BI
P 2 0 -254000 508000 -254000 0 2 0
L 584200 -254000 228600 0 2 0 1 0 2
A 355600 -203200 203200 0 9 3 #=2
A 0 0 9 0 3 0 PINTYPE=BI
P 3 0 -508000 508000 -508000 0 2 0
L 584200 -508000 228600 0 2 0 1 0 3
A 355600 -457200 203200 0 9 3 #=3
A 0 0 9 0 3 0 PINTYPE=BI
P 4 0 -762000 508000 -762000 0 2 0
L 584200 -762000 228600 0 2 0 1 0 4
A 355600 -711200 203200 0 9 3 #=4
A 0 0 9 0 3 0 PINTYPE=BI
P 5 0 -1016000 508000 -1016000 0 2 0
L 584200 -1016000 228600 0 2 0 1 0 5
A 355600 -965200 203200 0 9 3 #=5
A 0 0 9 0 3 0 PINTYPE=BI
E
